0,0.64199,0.69865,0.75765,0.63141,0.70485,0.69845,0.56902,0.39052,0.27124,0.44806,0.3378,0.29169,0.35734,0.37941,0.38331,0.3816,0.42193,0.27819,0.32912,0.28615,0.32528,0.21836,0.36567,0.32882,0.24216,0.36408,0.28828,0.31371,0.43421,0.44414,0.21792,0.34788,0.44725,0.29882,0.33829,0.31035,0.38677,0.28844,0.26971,0.23717,0.27271,0.20821,0.42266,0.29822,0.34606,0.27968,0.37289,0.33638,0.21484,0.23928,0.37285,0.31083,0.2428,0.40686,0.27097,0.26991,0.31564,0.32912,0.28499,0.31497,0.2597,0.26715,0.34702,0.23983,0.32265,0.38201,0.32021,0.19045,0.38901,0.32299,0.27922,0.29873,0.20915,0.3163,0.21856,0.20075,0.27637,0.23724,0.20996,0.22321,0.28307,0.27887,0.26915,0.317,0.32185,0.2697,0.30566,0.33541,0.31293,0.3384,0.28564,0.23572,0.1968,0.30117,0.28265,0.25562,0.27435,0.25841,0.2824,0.22528,0.41228,0.35666,0.24147,0.2103,0.19869,0.31023,0.22134,0.35708,0.20437,0.31009,0.22349
0.64199,0,0.83246,0.79304,0.74206,0.7988,0.69436,0.51001,0.50074,0.34444,0.58604,0.55661,0.45818,0.41887,0.41001,0.49215,0.53709,0.5543,0.34992,0.42453,0.3843,0.32625,0.24252,0.5024,0.37054,0.17997,0.31121,0.40707,0.49463,0.48427,0.4067,0.26302,0.41576,0.42262,0.33112,0.37882,0.34619,0.28633,0.32282,0.3458,0.23326,0.37896,0.36592,0.39581,0.43182,0.42783,0.30263,0.35235,0.3371,0.33965,0.28344,0.3285,0.29755,0.3305,0.33877,0.4555,0.35894,0.40209,0.32502,0.25419,0.41264,0.25385,0.32897,0.45496,0.26848,0.31702,0.31877,0.33914,0.2243,0.38688,0.36892,0.34656,0.45466,0.23246,0.34333,0.26354,0.1924,0.31512,0.25544,0.24334,0.27417,0.20126,0.36381,0.2714,0.46217,0.33343,0.35421,0.33576,0.35878,0.33894,0.20748,0.30976,0.22275,0.20742,0.23972,0.25998,0.28045,0.31926,0.29901,0.3503,0.27176,0.43591,0.38635,0.31913,0.35537,0.29841,0.23481,0.32801,0.47354,0.25101,0.41288,0.25426
0.69865,0.83246,0,0.71271,0.74716,0.72832,0.75183,0.4633,0.54785,0.35726,0.48755,0.39397,0.3156,0.31575,0.31111,0.38338,0.39902,0.38303,0.2263,0.33613,0.29989,0.25855,0.2595,0.41154,0.31168,0.20818,0.25024,0.30117,0.36848,0.47622,0.38546,0.22603,0.33711,0.34138,0.28514,0.23868,0.31824,0.33486,0.34763,0.29997,0.23522,0.2901,0.34442,0.35197,0.36752,0.38372,0.27631,0.33728,0.25357,0.2887,0.21724,0.27683,0.22307,0.2881,0.34065,0.36725,0.23103,0.28774,0.40071,0.27245,0.31385,0.2666,0.27733,0.32791,0.24943,0.21931,0.30054,0.28445,0.21737,0.32174,0.32701,0.2702,0.34369,0.20341,0.37002,0.25948,0.18287,0.29555,0.22607,0.22877,0.26797,0.26398,0.32415,0.20978,0.3747,0.30376,0.3817,0.33806,0.32872,0.29868,0.22205,0.32025,0.28674,0.25485,0.26188,0.228,0.2689,0.31866,0.31708,0.35826,0.20216,0.41226,0.31611,0.24044,0.23736,0.22276,0.26291,0.3074,0.41733,0.27181,0.35333,0.26584
0.75765,0.79304,0.71271,0,0.70849,0.68227,0.6825,0.54951,0.38959,0.31475,0.51449,0.46805,0.41495,0.44675,0.42444,0.42236,0.48111,0.53921,0.33048,0.37541,0.35582,0.37299,0.22276,0.4142,0.34307,0.21517,0.31309,0.29012,0.36587,0.44312,0.42598,0.22252,0.40573,0.39425,0.32832,0.32097,0.36825,0.294,0.31506,0.37489,0.21451,0.33321,0.27983,0.45029,0.33815,0.35998,0.2752,0.36286,0.33189,0.24425,0.25679,0.32483,0.24255,0.30699,0.31347,0.39988,0.32094,0.35449,0.28726,0.27774,0.37764,0.27302,0.28361,0.44456,0.28242,0.37738,0.34105,0.33822,0.21408,0.3743,0.33886,0.33286,0.35737,0.22175,0.28103,0.19216,0.21557,0.25859,0.2947,0.30607,0.23444,0.20299,0.36864,0.23802,0.42496,0.31827,0.27639,0.30308,0.39717,0.31191,0.26505,0.37689,0.19043,0.25999,0.24478,0.29029,0.26996,0.26915,0.24852,0.34567,0.24331,0.40086,0.36215,0.28444,0.29828,0.27864,0.28284,0.33331,0.41242,0.22294,0.38515,0.24283
0.63141,0.74206,0.74716,0.70849,0,0.64456,0.71933,0.42145,0.40849,0.27007,0.61041,0.46888,0.36231,0.42876,0.51348,0.51499,0.48306,0.40815,0.34874,0.43462,0.37792,0.33732,0.21485,0.43323,0.40121,0.22376,0.28867,0.23626,0.34629,0.439,0.41998,0.23758,0.34853,0.32917,0.22912,0.29328,0.26756,0.35507,0.26568,0.35863,0.22433,0.2981,0.33199,0.43203,0.36479,0.31854,0.28156,0.3861,0.32023,0.29521,0.27232,0.25298,0.27076,0.29383,0.29094,0.37436,0.25715,0.33191,0.34078,0.1958,0.39415,0.22822,0.35591,0.42974,0.22447,0.27336,0.3865,0.23953,0.21136,0.34482,0.35516,0.31181,0.4106,0.252,0.30827,0.18879,0.22442,0.3025,0.16888,0.26714,0.21862,0.20276,0.31622,0.25424,0.36514,0.29186,0.25763,0.25413,0.34216,0.28015,0.25005,0.43003,0.29666,0.30198,0.27402,0.25252,0.28427,0.31744,0.30593,0.28979,0.27198,0.47491,0.38881,0.28918,0.29545,0.19234,0.26083,0.26689,0.35368,0.30905,0.38235,0.17118
0.70485,0.7988,0.72832,0.68227,0.64456,0,0.68429,0.62353,0.52519,0.40951,0.53213,0.54867,0.44588,0.43943,0.43438,0.43605,0.55644,0.48725,0.36118,0.44457,0.36103,0.30728,0.35927,0.56055,0.36807,0.20685,0.30942,0.46848,0.44878,0.46901,0.44671,0.31563,0.4121,0.54449,0.42913,0.46273,0.31554,0.36347,0.29573,0.33081,0.23095,0.42685,0.44034,0.35238,0.51682,0.47511,0.30794,0.39142,0.35303,0.31048,0.33997,0.37079,0.36096,0.3576,0.43543,0.38765,0.39051,0.46351,0.28344,0.22185,0.43314,0.26683,0.37648,0.38741,0.31271,0.29779,0.35302,0.31279,0.25592,0.35047,0.45991,0.32818,0.4948,0.33098,0.32605,0.22187,0.21401,0.3702,0.22541,0.20759,0.27982,0.25564,0.38754,0.28142,0.54112,0.35455,0.41314,0.3568,0.35086,0.43422,0.27505,0.26496,0.20159,0.22955,0.28945,0.25059,0.34578,0.42022,0.20689,0.2968,0.27821,0.46014,0.36087,0.3193,0.30276,0.26643,0.28133,0.2841,0.46323,0.30524,0.39867,0.27714
0.69845,0.69436,0.75183,0.6825,0.71933,0.68429,0,0.49654,0.43178,0.36046,0.47203,0.3651,0.2872,0.3075,0.38608,0.36275,0.40857,0.36162,0.27085,0.31305,0.29802,0.33563,0.25223,0.46002,0.34142,0.20799,0.28148,0.31577,0.2989,0.53449,0.38076,0.22801,0.33828,0.35393,0.25463,0.3263,0.28419,0.31601,0.27084,0.33396,0.19861,0.31037,0.35057,0.40307,0.40498,0.34711,0.28619,0.35006,0.28652,0.25364,0.2151,0.31504,0.23352,0.2865,0.31421,0.3236,0.27495,0.34486,0.34416,0.33171,0.41841,0.26224,0.32144,0.31021,0.24817,0.31187,0.36699,0.26613,0.20779,0.33007,0.41802,0.2855,0.34501,0.24067,0.31376,0.26844,0.21427,0.2837,0.21796,0.28112,0.18433,0.25546,0.41447,0.22101,0.42654,0.37722,0.23803,0.24643,0.31297,0.34613,0.27196,0.33422,0.27913,0.25482,0.34562,0.22288,0.3223,0.35124,0.30131,0.2829,0.20509,0.41965,0.42527,0.23923,0.24831,0.26974,0.36826,0.27799,0.44412,0.31606,0.44871,0.24076
0.56902,0.51001,0.4633,0.54951,0.42145,0.62353,0.49654,0,0.35351,0.27083,0.30064,0.31077,0.34127,0.26892,0.3285,0.31385,0.36864,0.32065,0.25596,0.29171,0.23779,0.18141,0.21542,0.3604,0.26218,0.26886,0.28217,0.25043,0.29559,0.3352,0.35768,0.27582,0.30937,0.38824,0.2435,0.35785,0.35149,0.36591,0.30437,0.22248,0.19249,0.23954,0.26092,0.3311,0.32996,0.33497,0.28292,0.32997,0.31576,0.24933,0.25774,0.29687,0.33213,0.22703,0.31238,0.29201,0.24804,0.25189,0.2463,0.27373,0.30401,0.29834,0.2916,0.29938,0.29982,0.27197,0.27031,0.33275,0.29966,0.21556,0.35658,0.20289,0.398,0.154,0.33713,0.28803,0.25076,0.31095,0.26943,0.33225,0.30664,0.20466,0.1969,0.24899,0.37491,0.37155,0.35966,0.38575,0.44066,0.32286,0.25613,0.32648,0.22492,0.23862,0.31242,0.18998,0.32528,0.37299,0.20631,0.27872,0.24288,0.29024,0.29943,0.3531,0.26009,0.30872,0.30132,0.33583,0.30379,0.31972,0.25804,0.27963
0.39052,0.50074,0.54785,0.38959,0.40849,0.52519,0.43178,0.35351,0,0.68633,0.4037,0.31571,0.25825,0.26728,0.28211,0.39543,0.32624,0.40206,0.25945,0.25245,0.33782,0.33243,0.28205,0.41137,0.36262,0.23534,0.37414,0.39835,0.37354,0.47722,0.32398,0.39299,0.37944,0.41743,0.293,0.35088,0.16982,0.25006,0.3258,0.31621,0.25417,0.38282,0.37208,0.26705,0.37555,0.44453,0.30796,0.37737,0.24935,0.3423,0.25641,0.26321,0.1836,0.30818,0.27562,0.38639,0.26099,0.30446,0.35967,0.21325,0.22594,0.29061,0.3175,0.33023,0.25909,0.26157,0.28005,0.26093,0.27656,0.24344,0.24496,0.28466,0.36572,0.34929,0.3209,0.21758,0.2158,0.32227,0.31023,0.25097,0.24183,0.25942,0.38248,0.2436,0.37371,0.38678,0.37477,0.31095,0.26458,0.33087,0.29363,0.29475,0.2482,0.29091,0.18981,0.31241,0.30812,0.38431,0.23849,0.45358,0.19595,0.4276,0.35281,0.25731,0.35215,0.34713,0.17546,0.27272,0.4353,0.33175,0.40214,0.30569
0.27124,0.34444,0.35726,0.31475,0.27007,0.40951,0.36046,0.27083,0.68633,0,0.33373,0.28811,0.2412,0.25367,0.24205,0.32243,0.30813,0.34825,0.18306,0.17093,0.28436,0.3106,0.31298,0.34073,0.29339,0.22125,0.30559,0.37327,0.38034,0.33668,0.36607,0.29336,0.29655,0.39763,0.31119,0.35399,0.19886,0.22029,0.33957,0.3221,0.26792,0.37372,0.34253,0.24515,0.42154,0.36172,0.25345,0.29269,0.2462,0.32696,0.32532,0.37656,0.28316,0.23976,0.2733,0.36294,0.28755,0.3197,0.25433,0.26234,0.27038,0.23773,0.22701,0.20531,0.32532,0.2806,0.41458,0.26984,0.34275,0.30847,0.20121,0.35498,0.37276,0.40302,0.25729,0.23588,0.31142,0.35535,0.25969,0.22062,0.27496,0.19536,0.30024,0.25275,0.39955,0.42187,0.41805,0.32518,0.16249,0.42347,0.2984,0.2688,0.27947,0.31548,0.28276,0.31269,0.31879,0.3883,0.26429,0.34372,0.14102,0.32137,0.26258,0.23877,0.27736,0.31687,0.17808,0.25135,0.4123,0.28903,0.33391,0.26698
0.44806,0.58604,0.48755,0.51449,0.61041,0.53213,0.47203,0.30064,0.4037,0.33373,0,0.77517,0.58065,0.65017,0.70118,0.86332,0.74418,0.47247,0.56816,0.64112,0.50162,0.42496,0.22733,0.35081,0.4561,0.23556,0.45165,0.37845,0.47866,0.33123,0.41585,0.35783,0.45573,0.39746,0.39382,0.49766,0.24143,0.20094,0.30821,0.36857,0.27294,0.43418,0.37049,0.43215,0.34917,0.2977,0.23299,0.45925,0.34691,0.29931,0.37865,0.32475,0.28967,0.39156,0.3911,0.38327,0.37131,0.45159,0.24412,0.23783,0.38086,0.20352,0.43009,0.52366,0.28951,0.36282,0.30955,0.32599,0.24828,0.32887,0.35631,0.33336,0.47342,0.35425,0.25869,0.26339,0.29351,0.25735,0.3223,0.24973,0.19712,0.15186,0.30929,0.22859,0.3301,0.27515,0.30382,0.27122,0.32621,0.27074,0.23228,0.33813,0.22942,0.15699,0.22195,0.27085,0.24745,0.26778,0.30604,0.23999,0.32843,0.52862,0.41862,0.27718,0.34579,0.25942,0.29522,0.20947,0.29816,0.31225,0.3301,0.16246
0.3378,0.55661,0.39397,0.46805,0.46888,0.54867,0.3651,0.31077,0.31571,0.28811,0.77517,0,0.76481,0.74482,0.68585,0.7179,0.80943,0.44288,0.65589,0.6564,0.55207,0.44793,0.30281,0.42118,0.51665,0.25031,0.4611,0.50905,0.56116,0.32672,0.30911,0.37898,0.47273,0.41943,0.47798,0.60826,0.25817,0.18106,0.23075,0.44385,0.17707,0.50729,0.51929,0.23114,0.48107,0.41322,0.24257,0.41846,0.32322,0.25543,0.42991,0.26565,0.34671,0.47607,0.41334,0.44461,0.55194,0.61848,0.19978,0.17464,0.48461,0.27515,0.42685,0.52788,0.3761,0.39429,0.26675,0.34962,0.1648,0.35012,0.43065,0.37621,0.53648,0.34857,0.22351,0.30591,0.30819,0.38376,0.3058,0.24521,0.30162,0.18211,0.39999,0.29351,0.41173,0.35581,0.34624,0.23187,0.36704,0.33905,0.25782,0.28668,0.24197,0.21341,0.2286,0.24001,0.33248,0.28105,0.23028,0.29543,0.37386,0.49971,0.38348,0.32466,0.50544,0.36802,0.30979,0.35128,0.37897,0.35998,0.38873,0.23021
0.29169,0.45818,0.3156,0.41495,0.36231,0.44588,0.2872,0.34127,0.25825,0.2412,0.58065,0.76481,0,0.71747,0.53135,0.56964,0.74766,0.40243,0.67233,0.59405,0.49043,0.36672,0.23292,0.32601,0.46082,0.26551,0.41513,0.46132,0.55323,0.22427,0.25669,0.3619,0.4798,0.38532,0.45749,0.4927,0.2808,0.18708,0.22742,0.40621,0.21738,0.44106,0.33593,0.24387,0.32779,0.38571,0.23128,0.30881,0.35811,0.2233,0.40685,0.31749,0.35269,0.46512,0.3586,0.33311,0.4941,0.55416,0.23972,0.18785,0.56362,0.26177,0.36383,0.44257,0.36198,0.39903,0.25981,0.33064,0.13501,0.29879,0.40886,0.29761,0.47322,0.28891,0.31492,0.37564,0.29164,0.29128,0.29234,0.22397,0.33005,0.24114,0.33271,0.25961,0.39899,0.30051,0.32511,0.27707,0.3839,0.27142,0.21875,0.22326,0.21657,0.20508,0.17574,0.28274,0.34104,0.31875,0.25958,0.34031,0.40416,0.33684,0.28242,0.34752,0.47607,0.41228,0.21421,0.30139,0.33388,0.38868,0.34039,0.34166
0.35734,0.41887,0.31575,0.44675,0.42876,0.43943,0.3075,0.26892,0.26728,0.25367,0.65017,0.74482,0.71747,0,0.70045,0.63727,0.67478,0.44987,0.61667,0.72983,0.50556,0.46439,0.30977,0.37782,0.4846,0.24919,0.49928,0.46661,0.51559,0.29752,0.28872,0.34951,0.51574,0.39317,0.51167,0.45803,0.31102,0.26587,0.24928,0.4917,0.14752,0.51066,0.41816,0.39064,0.41469,0.3607,0.29289,0.32002,0.44113,0.22353,0.43891,0.28807,0.34872,0.47394,0.38877,0.41085,0.47458,0.57618,0.2181,0.12757,0.47661,0.25635,0.47173,0.52858,0.3986,0.44369,0.32464,0.34298,0.1792,0.29794,0.38484,0.29487,0.46506,0.42616,0.18547,0.25944,0.20836,0.32696,0.28477,0.28634,0.3047,0.25088,0.32038,0.26688,0.38133,0.24438,0.30738,0.22376,0.33717,0.30188,0.25967,0.32715,0.24418,0.24108,0.22433,0.27176,0.28967,0.33609,0.2272,0.30561,0.33271,0.4884,0.40897,0.23294,0.39235,0.27275,0.31053,0.28604,0.33524,0.366,0.47509,0.26582
0.37941,0.41001,0.31111,0.42444,0.51348,0.43438,0.38608,0.3285,0.28211,0.24205,0.70118,0.68585,0.53135,0.70045,0,0.72456,0.6256,0.41585,0.6531,0.69509,0.53756,0.53057,0.25817,0.4204,0.4988,0.29382,0.49324,0.40912,0.44268,0.29529,0.33015,0.40763,0.43767,0.33769,0.42504,0.52198,0.23343,0.2737,0.24099,0.41311,0.2108,0.43568,0.39972,0.3622,0.35217,0.29639,0.24722,0.38259,0.36523,0.32162,0.4153,0.26584,0.3034,0.40773,0.43935,0.3911,0.52403,0.50032,0.23459,0.17441,0.48344,0.25435,0.44275,0.48553,0.30503,0.35196,0.28098,0.33423,0.28638,0.31119,0.43084,0.27275,0.47769,0.4042,0.27639,0.24441,0.24514,0.31341,0.23888,0.35457,0.27411,0.18379,0.36967,0.26937,0.37682,0.26443,0.20789,0.23002,0.31493,0.34582,0.22984,0.38642,0.1878,0.24957,0.19981,0.24503,0.22707,0.26458,0.21048,0.23552,0.32244,0.50742,0.44469,0.30565,0.31771,0.28162,0.38512,0.28174,0.28384,0.31784,0.38367,0.18148
0.38331,0.49215,0.38338,0.42236,0.51499,0.43605,0.36275,0.31385,0.39543,0.32243,0.86332,0.7179,0.56964,0.63727,0.72456,0,0.63017,0.41986,0.61177,0.6724,0.43736,0.39971,0.20107,0.32092,0.45822,0.21951,0.46596,0.39398,0.4424,0.32022,0.35974,0.41183,0.40769,0.37229,0.37303,0.47999,0.2625,0.20537,0.37978,0.33881,0.3404,0.41802,0.3201,0.41783,0.29902,0.29823,0.25927,0.41698,0.37263,0.37218,0.41024,0.33987,0.29528,0.45257,0.34557,0.40215,0.38562,0.44045,0.2704,0.15663,0.38638,0.28755,0.39505,0.49753,0.29842,0.37399,0.3059,0.34088,0.26813,0.30777,0.31592,0.34979,0.5054,0.33743,0.23837,0.27552,0.25189,0.30815,0.30051,0.29413,0.16398,0.12752,0.33092,0.2323,0.32896,0.30606,0.28371,0.21859,0.28435,0.27464,0.25941,0.27021,0.21386,0.21224,0.18903,0.2879,0.21699,0.22307,0.2603,0.24591,0.27415,0.52111,0.42027,0.22171,0.38439,0.28524,0.26911,0.25368,0.25841,0.34207,0.31605,0.16596
0.3816,0.53709,0.39902,0.48111,0.48306,0.55644,0.40857,0.36864,0.32624,0.30813,0.74418,0.80943,0.74766,0.67478,0.6256,0.63017,0,0.57015,0.67957,0.59923,0.61019,0.37025,0.33531,0.42811,0.57234,0.25281,0.48006,0.42078,0.57081,0.31362,0.38945,0.41601,0.54975,0.40274,0.43463,0.52762,0.3045,0.26446,0.22994,0.3901,0.22349,0.50378,0.5288,0.35056,0.41995,0.41249,0.26298,0.41177,0.40439,0.22492,0.41542,0.31975,0.40489,0.39614,0.37654,0.42499,0.53086,0.59251,0.23722,0.19311,0.55364,0.24152,0.36687,0.48727,0.31971,0.40511,0.27294,0.39906,0.21398,0.33891,0.40166,0.31519,0.45811,0.35911,0.30871,0.34871,0.30228,0.30919,0.3086,0.20372,0.30842,0.23857,0.2999,0.20112,0.36483,0.31387,0.29895,0.2957,0.35348,0.26118,0.27254,0.30775,0.19294,0.20821,0.21478,0.28136,0.34568,0.3318,0.2675,0.33765,0.37464,0.51963,0.42795,0.35977,0.4652,0.37138,0.22973,0.31021,0.35111,0.34593,0.38901,0.23276
0.42193,0.5543,0.38303,0.53921,0.40815,0.48725,0.36162,0.32065,0.40206,0.34825,0.47247,0.44288,0.40243,0.44987,0.41585,0.41986,0.57015,0,0.48598,0.37338,0.43996,0.37224,0.21255,0.423,0.55929,0.30721,0.51157,0.36104,0.46022,0.29077,0.44493,0.33247,0.59335,0.36792,0.3366,0.44538,0.31694,0.28358,0.30939,0.29356,0.23065,0.48198,0.35452,0.33896,0.31033,0.37357,0.28752,0.33927,0.30316,0.3901,0.28977,0.29171,0.30623,0.24834,0.24569,0.44978,0.35639,0.43099,0.25025,0.20165,0.38591,0.29699,0.33118,0.42968,0.29024,0.36012,0.27231,0.34975,0.25544,0.29559,0.25656,0.27354,0.33467,0.30144,0.29825,0.23172,0.19942,0.251,0.32232,0.28884,0.33317,0.26398,0.34485,0.2367,0.29686,0.19076,0.32,0.32367,0.24566,0.23949,0.27128,0.24726,0.11196,0.21748,0.23461,0.29994,0.30983,0.27528,0.20476,0.28784,0.32336,0.45974,0.41427,0.29996,0.41937,0.37761,0.20212,0.3196,0.33862,0.26632,0.39373,0.33169
0.27819,0.34992,0.2263,0.33048,0.34874,0.36118,0.27085,0.25596,0.25945,0.18306,0.56816,0.65589,0.67233,0.61667,0.6531,0.61177,0.67957,0.48598,0,0.67647,0.61195,0.54107,0.2943,0.41294,0.58499,0.27076,0.60674,0.47691,0.48038,0.24911,0.32021,0.52204,0.47096,0.39926,0.47692,0.54461,0.25539,0.26962,0.28743,0.32412,0.26652,0.44662,0.42855,0.27915,0.36493,0.38979,0.31826,0.36143,0.2917,0.29734,0.35588,0.26433,0.36483,0.39063,0.325,0.3479,0.52257,0.57824,0.26907,0.11472,0.4745,0.29655,0.48883,0.47946,0.32497,0.3228,0.20328,0.30345,0.2153,0.31339,0.42689,0.36109,0.50651,0.37658,0.36309,0.28569,0.25046,0.39326,0.26283,0.21065,0.30169,0.2828,0.43383,0.24806,0.34714,0.28463,0.22692,0.21442,0.32972,0.32495,0.29478,0.26256,0.19274,0.30379,0.14468,0.33561,0.36876,0.2976,0.20566,0.29854,0.3319,0.45296,0.39826,0.31758,0.50957,0.37436,0.24526,0.34402,0.29741,0.36589,0.32558,0.31042
0.32912,0.42453,0.33613,0.37541,0.43462,0.44457,0.31305,0.29171,0.25245,0.17093,0.64112,0.6564,0.59405,0.72983,0.69509,0.6724,0.59923,0.37338,0.67647,0,0.5192,0.47053,0.33918,0.38704,0.41643,0.2994,0.46777,0.50401,0.44535,0.28156,0.43555,0.39258,0.37351,0.36169,0.47625,0.42759,0.32128,0.30792,0.3399,0.45732,0.27686,0.3831,0.45655,0.38161,0.35016,0.27683,0.30413,0.3653,0.37078,0.28646,0.40305,0.27729,0.35079,0.51014,0.40759,0.39675,0.47115,0.50993,0.23239,0.16896,0.37437,0.23759,0.50136,0.5043,0.33197,0.37409,0.18447,0.35495,0.22899,0.22958,0.41841,0.32414,0.39726,0.33312,0.28145,0.24741,0.22755,0.34581,0.22449,0.23892,0.27118,0.24256,0.36523,0.30075,0.37483,0.20411,0.28624,0.26171,0.35667,0.32819,0.22703,0.30453,0.28943,0.30888,0.19692,0.2897,0.26033,0.36047,0.17679,0.30574,0.34659,0.40645,0.37063,0.26862,0.31555,0.25102,0.37566,0.28762,0.26206,0.31062,0.39341,0.22793
0.28615,0.3843,0.29989,0.35582,0.37792,0.36103,0.29802,0.23779,0.33782,0.28436,0.50162,0.55207,0.49043,0.50556,0.53756,0.43736,0.61019,0.43996,0.61195,0.5192,0,0.46579,0.30787,0.40784,0.50314,0.23384,0.45167,0.43782,0.47808,0.29799,0.31829,0.43626,0.41898,0.5049,0.37448,0.41528,0.27081,0.26142,0.23243,0.36614,0.21608,0.37557,0.48178,0.28374,0.34582,0.42829,0.2633,0.3201,0.31434,0.20234,0.37484,0.29698,0.31909,0.29952,0.40209,0.39606,0.49376,0.4583,0.21352,0.21278,0.38321,0.28971,0.3142,0.37725,0.3387,0.30463,0.29523,0.35001,0.23588,0.22145,0.33128,0.30905,0.39279,0.34614,0.25441,0.40167,0.32594,0.36075,0.29355,0.23236,0.34945,0.2482,0.28008,0.22249,0.28949,0.3373,0.2757,0.28205,0.42342,0.26799,0.23168,0.25815,0.22603,0.24906,0.21825,0.33069,0.34106,0.33306,0.19785,0.3853,0.32988,0.48355,0.3809,0.35071,0.41615,0.44657,0.24262,0.33702,0.32235,0.28272,0.39694,0.27733
0.32528,0.32625,0.25855,0.37299,0.33732,0.30728,0.33563,0.18141,0.33243,0.3106,0.42496,0.44793,0.36672,0.46439,0.53057,0.39971,0.37025,0.37224,0.54107,0.47053,0.46579,0,0.2649,0.37162,0.46273,0.30971,0.45998,0.40506,0.38935,0.37468,0.23134,0.27738,0.37377,0.30626,0.40677,0.44241,0.26898,0.2428,0.22109,0.41022,0.27481,0.33531,0.31846,0.2225,0.35554,0.35343,0.23973,0.27235,0.21934,0.27576,0.28811,0.2342,0.26079,0.36049,0.38832,0.3368,0.42297,0.40786,0.28685,0.18503,0.38512,0.36701,0.32155,0.33797,0.28993,0.29051,0.34239,0.251,0.27707,0.32522,0.44095,0.30691,0.33715,0.37578,0.19844,0.25543,0.25391,0.41352,0.29355,0.30717,0.38192,0.29222,0.44297,0.33531,0.3413,0.32884,0.23714,0.29165,0.24513,0.38914,0.30648,0.36262,0.23222,0.30579,0.14044,0.29805,0.19436,0.18115,0.26943,0.23048,0.23088,0.40483,0.41447,0.23919,0.36545,0.33278,0.35983,0.33337,0.31471,0.31694,0.37718,0.37345
0.21836,0.24252,0.2595,0.22276,0.21485,0.35927,0.25223,0.21542,0.28205,0.31298,0.22733,0.30281,0.23292,0.30977,0.25817,0.20107,0.33531,0.21255,0.2943,0.33918,0.30787,0.2649,0,0.35093,0.27574,0.16033,0.25,0.35314,0.34244,0.26159,0.34063,0.35759,0.29504,0.40318,0.42119,0.2834,0.2988,0.32934,0.27307,0.28007,0.23876,0.24598,0.42881,0.2938,0.45017,0.31506,0.40469,0.2641,0.32367,0.22513,0.32667,0.21009,0.35789,0.25303,0.29347,0.19873,0.36114,0.32265,0.21458,0.2243,0.21352,0.27438,0.25021,0.25207,0.31436,0.18553,0.2128,0.32167,0.24921,0.27311,0.27922,0.30958,0.32564,0.34124,0.26169,0.25784,0.26994,0.35758,0.29064,0.29985,0.22817,0.38126,0.32728,0.22189,0.32769,0.32161,0.40921,0.22728,0.25213,0.3393,0.28269,0.26772,0.21698,0.31979,0.25904,0.28242,0.33456,0.41221,0.16742,0.27879,0.26343,0.32323,0.28574,0.33042,0.24448,0.23008,0.35848,0.35037,0.3703,0.22364,0.30304,0.27146
0.36567,0.5024,0.41154,0.4142,0.43323,0.56055,0.46002,0.3604,0.41137,0.34073,0.35081,0.42118,0.32601,0.37782,0.4204,0.32092,0.42811,0.423,0.41294,0.38704,0.40784,0.37162,0.35093,0,0.43712,0.2341,0.34621,0.58135,0.33813,0.57673,0.27963,0.35798,0.3647,0.34348,0.38699,0.47478,0.22821,0.4298,0.27871,0.33494,0.30321,0.45324,0.54723,0.28651,0.53017,0.45684,0.2729,0.33342,0.28731,0.40888,0.33804,0.33193,0.28019,0.38449,0.39779,0.39086,0.55163,0.55656,0.33433,0.16479,0.35207,0.33285,0.45103,0.44467,0.36678,0.19823,0.28295,0.22561,0.23532,0.29667,0.42222,0.23653,0.4913,0.36954,0.3386,0.25841,0.24771,0.40544,0.21729,0.34258,0.33958,0.34928,0.4025,0.32003,0.53299,0.27375,0.24638,0.17796,0.31627,0.37475,0.24094,0.34926,0.26605,0.22748,0.19724,0.28275,0.40981,0.38679,0.24709,0.32374,0.19038,0.48373,0.44708,0.31885,0.39427,0.30064,0.26626,0.31075,0.51808,0.24976,0.44964,0.26477
0.32882,0.37054,0.31168,0.34307,0.40121,0.36807,0.34142,0.26218,0.36262,0.29339,0.4561,0.51665,0.46082,0.4846,0.4988,0.45822,0.57234,0.55929,0.58499,0.41643,0.50314,0.46273,0.27574,0.43712,0,0.38908,0.80917,0.37742,0.382,0.36684,0.3022,0.28739,0.66614,0.32422,0.24749,0.48188,0.33874,0.28887,0.25887,0.32827,0.22265,0.41149,0.3556,0.35317,0.31919,0.33293,0.24336,0.3738,0.33542,0.30726,0.29101,0.23473,0.27299,0.29876,0.32916,0.40607,0.44148,0.45108,0.24142,0.19712,0.45759,0.43543,0.35965,0.4239,0.3166,0.25642,0.33666,0.3692,0.27998,0.29602,0.34779,0.31277,0.39409,0.3587,0.25062,0.3396,0.28898,0.40879,0.27095,0.25434,0.33512,0.29137,0.36733,0.25846,0.30753,0.28281,0.28263,0.22064,0.2603,0.32653,0.27246,0.36323,0.24756,0.26537,0.2572,0.40404,0.26368,0.26925,0.22338,0.29388,0.28845,0.46368,0.49391,0.28383,0.56863,0.4525,0.28716,0.36401,0.27265,0.36253,0.3614,0.41301
0.24216,0.17997,0.20818,0.21517,0.22376,0.20685,0.20799,0.26886,0.23534,0.22125,0.23556,0.25031,0.26551,0.24919,0.29382,0.21951,0.25281,0.30721,0.27076,0.2994,0.23384,0.30971,0.16033,0.2341,0.38908,0,0.35719,0.29789,0.28094,0.24331,0.28087,0.16686,0.3372,0.20343,0.16795,0.31651,0.23154,0.22263,0.1971,0.22415,0.36933,0.24032,0.31757,0.28812,0.24775,0.24492,0.30197,0.3655,0.25725,0.24018,0.25211,0.24744,0.26697,0.22482,0.33125,0.25554,0.18858,0.32079,0.21552,0.22914,0.27181,0.35267,0.32323,0.29521,0.32569,0.20913,0.29781,0.34936,0.37676,0.22188,0.24143,0.24386,0.18206,0.18593,0.31457,0.29073,0.27876,0.30457,0.21887,0.3144,0.27715,0.30564,0.34268,0.31298,0.34816,0.36487,0.23978,0.23744,0.20307,0.18479,0.28125,0.30225,0.27917,0.32208,0.26079,0.29591,0.2237,0.23914,0.24007,0.31029,0.2539,0.23192,0.27536,0.27152,0.20254,0.27127,0.35971,0.31384,0.33083,0.26894,0.29591,0.37111
0.36408,0.31121,0.25024,0.31309,0.28867,0.30942,0.28148,0.28217,0.37414,0.30559,0.45165,0.4611,0.41513,0.49928,0.49324,0.46596,0.48006,0.51157,0.60674,0.46777,0.45167,0.45998,0.25,0.34621,0.80917,0.35719,0,0.40923,0.36405,0.33683,0.33076,0.30449,0.5684,0.34477,0.28768,0.46217,0.36581,0.26247,0.25866,0.32045,0.23518,0.41045,0.27946,0.34729,0.27694,0.24523,0.30006,0.43532,0.32436,0.273,0.29186,0.23712,0.23658,0.27874,0.30318,0.39774,0.36867,0.36973,0.2019,0.17064,0.36448,0.3886,0.39524,0.36928,0.2685,0.29142,0.28217,0.36084,0.29585,0.25734,0.28961,0.32463,0.33683,0.27592,0.24476,0.29191,0.23268,0.30898,0.27058,0.23786,0.30633,0.25705,0.29499,0.26067,0.29222,0.27469,0.2634,0.22475,0.2638,0.27615,0.29171,0.30092,0.25468,0.22781,0.23875,0.35495,0.28987,0.33805,0.23643,0.26374,0.24672,0.3839,0.40866,0.29965,0.49425,0.44641,0.22706,0.29535,0.19282,0.34374,0.27217,0.39128
0.28828,0.40707,0.30117,0.29012,0.23626,0.46848,0.31577,0.25043,0.39835,0.37327,0.37845,0.50905,0.46132,0.46661,0.40912,0.39398,0.42078,0.36104,0.47691,0.50401,0.43782,0.40506,0.35314,0.58135,0.37742,0.29789,0.40923,0,0.40827,0.38415,0.25288,0.39423,0.37288,0.33568,0.58966,0.52073,0.23715,0.28174,0.29621,0.32123,0.30157,0.43443,0.51201,0.1687,0.55355,0.39369,0.26035,0.27114,0.29017,0.39502,0.43066,0.30255,0.4035,0.46203,0.42393,0.36031,0.63115,0.65137,0.2809,0.16433,0.37163,0.28802,0.35634,0.42483,0.41256,0.31549,0.34247,0.29857,0.26452,0.35865,0.46007,0.36087,0.49067,0.383,0.26651,0.19721,0.17549,0.44055,0.23061,0.27569,0.33302,0.34577,0.44161,0.31925,0.59601,0.22641,0.30055,0.18685,0.29916,0.41228,0.31322,0.25392,0.24541,0.21086,0.1937,0.30633,0.36604,0.4488,0.18632,0.2845,0.20903,0.46972,0.44371,0.24096,0.4547,0.30679,0.3446,0.34182,0.46479,0.22647,0.40769,0.33149
0.31371,0.49463,0.36848,0.36587,0.34629,0.44878,0.2989,0.29559,0.37354,0.38034,0.47866,0.56116,0.55323,0.51559,0.44268,0.4424,0.57081,0.46022,0.48038,0.44535,0.47808,0.38935,0.34244,0.33813,0.382,0.28094,0.36405,0.40827,0,0.21527,0.2985,0.37555,0.47656,0.37607,0.4202,0.46352,0.23441,0.22628,0.28063,0.35165,0.14675,0.40606,0.38092,0.25706,0.44703,0.43546,0.35527,0.35039,0.39535,0.23471,0.37526,0.35586,0.36001,0.28568,0.31105,0.40571,0.41225,0.52325,0.23416,0.26682,0.32649,0.2992,0.32808,0.40181,0.32014,0.38057,0.33307,0.44357,0.22404,0.3005,0.32517,0.32135,0.49246,0.40007,0.29856,0.3514,0.24839,0.44586,0.32242,0.22456,0.37827,0.27442,0.33386,0.34376,0.35442,0.36777,0.36519,0.32533,0.33722,0.39945,0.22955,0.27324,0.25293,0.25303,0.1594,0.27194,0.35771,0.34445,0.25039,0.31864,0.35987,0.36876,0.31543,0.37744,0.3437,0.36059,0.20818,0.3403,0.39577,0.37858,0.31173,0.33211
0.43421,0.48427,0.47622,0.44312,0.439,0.46901,0.53449,0.3352,0.47722,0.33668,0.33123,0.32672,0.22427,0.29752,0.29529,0.32022,0.31362,0.29077,0.24911,0.28156,0.29799,0.37468,0.26159,0.57673,0.36684,0.24331,0.33683,0.38415,0.21527,0,0.3156,0.23568,0.30468,0.30475,0.26418,0.34918,0.24211,0.31415,0.27978,0.3925,0.22117,0.28633,0.39563,0.35211,0.40602,0.30565,0.34615,0.36027,0.26503,0.24111,0.29993,0.29747,0.2812,0.47034,0.34607,0.36264,0.31346,0.36379,0.3409,0.27764,0.34197,0.32873,0.39225,0.38299,0.23963,0.18626,0.37265,0.24549,0.23919,0.30547,0.37854,0.31912,0.32171,0.23261,0.28328,0.23741,0.20964,0.28533,0.22138,0.32879,0.25118,0.28363,0.36113,0.27769,0.40291,0.42001,0.27495,0.21193,0.27163,0.24653,0.19943,0.31135,0.30493,0.24235,0.24693,0.2023,0.23617,0.28654,0.28784,0.31957,0.19729,0.50935,0.45947,0.33027,0.28188,0.30557,0.28029,0.28611,0.44798,0.26497,0.36515,0.24833
0.44414,0.4067,0.38546,0.42598,0.41998,0.44671,0.38076,0.35768,0.32398,0.36607,0.41585,0.30911,0.25669,0.28872,0.33015,0.35974,0.38945,0.44493,0.32021,0.43555,0.31829,0.23134,0.34063,0.27963,0.3022,0.28087,0.33076,0.25288,0.2985,0.3156,0,0.30836,0.35025,0.48563,0.24364,0.31368,0.31032,0.31533,0.37189,0.31135,0.33333,0.1882,0.32612,0.47256,0.29658,0.264,0.26408,0.35976,0.34463,0.22902,0.36783,0.39267,0.3564,0.26808,0.30337,0.3292,0.22029,0.23498,0.20563,0.24779,0.22967,0.19384,0.26131,0.29412,0.28767,0.30543,0.3233,0.35227,0.22965,0.26195,0.21519,0.37494,0.2281,0.21574,0.27893,0.20467,0.18417,0.23007,0.25076,0.18154,0.17588,0.2523,0.26715,0.19008,0.28205,0.30465,0.40757,0.44497,0.23258,0.32893,0.31053,0.2677,0.18097,0.26001,0.26378,0.37504,0.26188,0.35563,0.18264,0.24632,0.34637,0.2836,0.17536,0.40259,0.13048,0.1662,0.35703,0.27849,0.25914,0.26358,0.21342,0.25504
0.21792,0.26302,0.22603,0.22252,0.23758,0.31563,0.22801,0.27582,0.39299,0.29336,0.35783,0.37898,0.3619,0.34951,0.40763,0.41183,0.41601,0.33247,0.52204,0.39258,0.43626,0.27738,0.35759,0.35798,0.28739,0.16686,0.30449,0.39423,0.37555,0.23568,0.30836,0,0.24703,0.36627,0.35059,0.42684,0.12353,0.33027,0.27571,0.31654,0.25951,0.36546,0.46733,0.22536,0.39995,0.36583,0.30224,0.33355,0.20761,0.34915,0.33224,0.28349,0.33737,0.36426,0.325,0.25646,0.33138,0.37379,0.29346,0.23602,0.29624,0.24608,0.28083,0.27368,0.18185,0.21497,0.16847,0.33755,0.27308,0.27814,0.36519,0.21137,0.52883,0.4173,0.33489,0.22419,0.23833,0.37203,0.32182,0.22482,0.18663,0.27214,0.27454,0.2536,0.31918,0.26549,0.23705,0.15137,0.4116,0.39813,0.24722,0.1829,0.23561,0.34164,0.21174,0.25005,0.36979,0.31788,0.17115,0.32785,0.26958,0.36914,0.32636,0.35109,0.31374,0.25997,0.30583,0.30142,0.34903,0.3552,0.26526,0.26784
0.34788,0.41576,0.33711,0.40573,0.34853,0.4121,0.33828,0.30937,0.37944,0.29655,0.45573,0.47273,0.4798,0.51574,0.43767,0.40769,0.54975,0.59335,0.47096,0.37351,0.41898,0.37377,0.29504,0.3647,0.66614,0.3372,0.5684,0.37288,0.47656,0.30468,0.35025,0.24703,0,0.30032,0.31648,0.38317,0.31457,0.26527,0.26175,0.23638,0.22209,0.42976,0.366,0.37916,0.31773,0.33207,0.26218,0.4068,0.31565,0.26392,0.2392,0.31578,0.23209,0.28805,0.30634,0.33502,0.36412,0.40157,0.2143,0.24574,0.38345,0.32843,0.33779,0.39384,0.38608,0.27133,0.27891,0.3577,0.26225,0.29032,0.23606,0.32777,0.37511,0.29962,0.28473,0.34526,0.21634,0.31523,0.32727,0.28996,0.33914,0.21181,0.41846,0.27329,0.30838,0.24106,0.25203,0.29824,0.24636,0.29881,0.22195,0.30159,0.22012,0.19293,0.29541,0.38504,0.27019,0.2614,0.2469,0.18811,0.3325,0.42051,0.44479,0.27058,0.43093,0.37574,0.26747,0.35486,0.2486,0.5049,0.39296,0.53362
0.44725,0.42262,0.34138,0.39425,0.32917,0.54449,0.35393,0.38824,0.41743,0.39763,0.39746,0.41943,0.38532,0.39317,0.33769,0.37229,0.40274,0.36792,0.39926,0.36169,0.5049,0.30626,0.40318,0.34348,0.32422,0.20343,0.34477,0.33568,0.37607,0.30475,0.48563,0.36627,0.30032,0,0.33144,0.37054,0.27293,0.27895,0.22367,0.32158,0.18314,0.28711,0.32431,0.3346,0.39721,0.52995,0.29398,0.28519,0.45086,0.18797,0.34793,0.30715,0.39357,0.26747,0.32754,0.27329,0.29397,0.36005,0.21385,0.24713,0.3328,0.24383,0.23942,0.33586,0.34233,0.25284,0.40616,0.27552,0.20385,0.26442,0.33994,0.36018,0.44197,0.34459,0.19954,0.31533,0.23699,0.33495,0.36399,0.21165,0.24084,0.26725,0.27534,0.22793,0.37045,0.47086,0.38558,0.27316,0.39001,0.36772,0.34506,0.1972,0.18256,0.31189,0.27963,0.37301,0.39686,0.4499,0.22759,0.35934,0.37512,0.39059,0.26531,0.33615,0.31007,0.20693,0.27815,0.31546,0.42752,0.17763,0.33644,0.2566
0.29882,0.33112,0.28514,0.32832,0.22912,0.42913,0.25463,0.2435,0.293,0.31119,0.39382,0.47798,0.45749,0.51167,0.42504,0.37303,0.43463,0.3366,0.47692,0.47625,0.37448,0.40677,0.42119,0.38699,0.24749,0.16795,0.28768,0.58966,0.4202,0.26418,0.24364,0.35059,0.31648,0.33144,0,0.40153,0.26593,0.32307,0.24432,0.32553,0.26193,0.47084,0.43809,0.199,0.54364,0.38042,0.31294,0.31077,0.31638,0.28408,0.39395,0.27435,0.43695,0.47518,0.29097,0.29697,0.47876,0.51666,0.26999,0.16474,0.38852,0.25654,0.35832,0.41939,0.29355,0.37715,0.25143,0.27368,0.21939,0.3106,0.40677,0.30532,0.41635,0.48238,0.25143,0.22888,0.26701,0.39502,0.20216,0.21187,0.47255,0.36298,0.39795,0.31168,0.42791,0.22017,0.26978,0.25309,0.34233,0.31423,0.24509,0.23899,0.21518,0.29614,0.2113,0.2216,0.32024,0.36883,0.30274,0.30253,0.29664,0.39387,0.37345,0.30546,0.29736,0.28631,0.35033,0.30302,0.42613,0.23267,0.45256,0.21825
0.33829,0.37882,0.23868,0.32097,0.29328,0.46273,0.3263,0.35785,0.35088,0.35399,0.49766,0.60826,0.4927,0.45803,0.52198,0.47999,0.52762,0.44538,0.54461,0.42759,0.41528,0.44241,0.2834,0.47478,0.48188,0.31651,0.46217,0.52073,0.46352,0.34918,0.31368,0.42684,0.38317,0.37054,0.40153,0,0.1563,0.20455,0.29574,0.36119,0.20234,0.5962,0.42832,0.21849,0.44834,0.36077,0.31279,0.42813,0.24495,0.2908,0.36801,0.29631,0.34461,0.36084,0.37591,0.36981,0.45871,0.5184,0.12813,0.1445,0.3838,0.33593,0.39452,0.52096,0.32666,0.27567,0.33993,0.2631,0.20822,0.29521,0.38601,0.2635,0.49807,0.37255,0.2549,0.26118,0.21941,0.41919,0.27724,0.18398,0.23521,0.25877,0.33446,0.28389,0.35828,0.32188,0.29367,0.25591,0.31028,0.37835,0.24034,0.24548,0.19897,0.24296,0.27804,0.23234,0.23439,0.23153,0.16528,0.22834,0.24306,0.45833,0.4875,0.31175,0.45047,0.45127,0.26235,0.35304,0.43105,0.3732,0.37077,0.27813
0.31035,0.34619,0.31824,0.36825,0.26756,0.31554,0.28419,0.35149,0.16982,0.19886,0.24143,0.25817,0.2808,0.31102,0.23343,0.2625,0.3045,0.31694,0.25539,0.32128,0.27081,0.26898,0.2988,0.22821,0.33874,0.23154,0.36581,0.23715,0.23441,0.24211,0.31032,0.12353,0.31457,0.27293,0.26593,0.1563,0,0.35349,0.29606,0.23518,0.35738,0.21276,0.18088,0.34146,0.20417,0.25367,0.25712,0.19541,0.35848,0.25169,0.36757,0.17705,0.35713,0.29077,0.20031,0.29926,0.33869,0.26019,0.33139,0.22113,0.27512,0.38755,0.19379,0.25704,0.24915,0.36252,0.24741,0.30682,0.29392,0.26885,0.26676,0.22385,0.19715,0.14626,0.21113,0.24669,0.26066,0.27829,0.28155,0.30127,0.196,0.22904,0.20807,0.17281,0.21846,0.25238,0.23383,0.34721,0.28057,0.22654,0.24027,0.34875,0.32362,0.24779,0.25659,0.33211,0.22281,0.26934,0.26034,0.2668,0.27135,0.21112,0.25017,0.209,0.30261,0.28871,0.35027,0.2281,0.12321,0.23345,0.16486,0.37175
0.38677,0.28633,0.33486,0.294,0.35507,0.36347,0.31601,0.36591,0.25006,0.22029,0.20094,0.18106,0.18708,0.26587,0.2737,0.20537,0.26446,0.28358,0.26962,0.30792,0.26142,0.2428,0.32934,0.4298,0.28887,0.22263,0.26247,0.28174,0.22628,0.31415,0.31533,0.33027,0.26527,0.27895,0.32307,0.20455,0.35349,0,0.30764,0.23962,0.25268,0.16256,0.33589,0.38509,0.24043,0.25427,0.25187,0.22454,0.40794,0.25272,0.30023,0.2923,0.37109,0.25786,0.27155,0.16243,0.36785,0.32516,0.53963,0.14403,0.25148,0.21391,0.22061,0.2451,0.21082,0.23372,0.23742,0.20414,0.25732,0.24683,0.30818,0.15938,0.33336,0.32172,0.30806,0.19217,0.25687,0.32412,0.21822,0.25118,0.22828,0.33126,0.25159,0.32624,0.31119,0.14853,0.26438,0.20306,0.24367,0.15348,0.2579,0.30003,0.27214,0.29236,0.18803,0.31698,0.31233,0.31656,0.32944,0.28373,0.17154,0.23397,0.24741,0.25997,0.18085,0.14331,0.30038,0.21625,0.25375,0.21392,0.24484,0.19234
0.28844,0.32282,0.34763,0.31506,0.26568,0.29573,0.27084,0.30437,0.3258,0.33957,0.30821,0.23075,0.22742,0.24928,0.24099,0.37978,0.22994,0.30939,0.28743,0.3399,0.23243,0.22109,0.27307,0.27871,0.25887,0.1971,0.25866,0.29621,0.28063,0.27978,0.37189,0.27571,0.26175,0.22367,0.24432,0.29574,0.29606,0.30764,0,0.18116,0.35205,0.24783,0.24243,0.37356,0.32171,0.34208,0.31941,0.21196,0.27494,0.35889,0.27779,0.36555,0.24251,0.24917,0.26563,0.24976,0.27817,0.27959,0.27024,0.19543,0.19069,0.30125,0.32791,0.3539,0.28708,0.17686,0.24579,0.29636,0.26824,0.22811,0.23405,0.31526,0.26403,0.30024,0.20939,0.30302,0.20779,0.28011,0.37123,0.34407,0.23386,0.26325,0.22989,0.2551,0.29345,0.22816,0.26056,0.19046,0.2437,0.22126,0.18696,0.17808,0.25627,0.23911,0.24239,0.25435,0.1767,0.18368,0.20173,0.22497,0.17578,0.38276,0.32655,0.20967,0.28067,0.27157,0.25367,0.19048,0.27834,0.22915,0.20699,0.21472
0.26971,0.3458,0.29997,0.37489,0.35863,0.33081,0.33396,0.22248,0.31621,0.3221,0.36857,0.44385,0.40621,0.4917,0.41311,0.33881,0.3901,0.29356,0.32412,0.45732,0.36614,0.41022,0.28007,0.33494,0.32827,0.22415,0.32045,0.32123,0.35165,0.3925,0.31135,0.31654,0.23638,0.32158,0.32553,0.36119,0.23518,0.23962,0.18116,0,0.2133,0.35544,0.38627,0.29431,0.37362,0.25692,0.33389,0.37325,0.34613,0.22985,0.31572,0.28774,0.2893,0.35105,0.30762,0.35151,0.3419,0.27975,0.3211,0.23151,0.3984,0.28832,0.33333,0.41196,0.3526,0.33677,0.30183,0.27823,0.21813,0.23813,0.50828,0.21636,0.2909,0.3444,0.27426,0.29374,0.34511,0.32775,0.29837,0.23573,0.30844,0.28103,0.26739,0.30079,0.29589,0.31503,0.24974,0.28571,0.37475,0.38252,0.30431,0.41572,0.3781,0.35659,0.27867,0.17182,0.30101,0.32483,0.25054,0.36597,0.318,0.32238,0.36824,0.32001,0.38361,0.33129,0.37401,0.42663,0.31041,0.30117,0.33448,0.29901
0.23717,0.23326,0.23522,0.21451,0.22433,0.23095,0.19861,0.19249,0.25417,0.26792,0.27294,0.17707,0.21738,0.14752,0.2108,0.3404,0.22349,0.23065,0.26652,0.27686,0.21608,0.27481,0.23876,0.30321,0.22265,0.36933,0.23518,0.30157,0.14675,0.22117,0.33333,0.25951,0.22209,0.18314,0.26193,0.20234,0.35738,0.25268,0.35205,0.2133,0,0.23621,0.30491,0.35891,0.26972,0.29396,0.24977,0.24705,0.28465,0.54516,0.28402,0.29256,0.29124,0.33099,0.31793,0.29132,0.28234,0.27615,0.30228,0.2073,0.24075,0.31242,0.19932,0.21701,0.2588,0.18557,0.22825,0.20051,0.28788,0.30424,0.18061,0.28079,0.18517,0.3247,0.34966,0.25085,0.28513,0.24981,0.20851,0.30128,0.23152,0.35644,0.23625,0.30307,0.23484,0.24274,0.21989,0.28318,0.23342,0.26788,0.30076,0.19682,0.3457,0.36009,0.24151,0.42453,0.20961,0.22135,0.2647,0.25745,0.19946,0.17745,0.29599,0.36272,0.2936,0.26063,0.25157,0.29409,0.19783,0.25056,0.2081,0.31132
0.27271,0.37896,0.2901,0.33321,0.2981,0.42685,0.31037,0.23954,0.38282,0.37372,0.43418,0.50729,0.44106,0.51066,0.43568,0.41802,0.50378,0.48198,0.44662,0.3831,0.37557,0.33531,0.24598,0.45324,0.41149,0.24032,0.41045,0.43443,0.40606,0.28633,0.1882,0.36546,0.42976,0.28711,0.47084,0.5962,0.21276,0.16256,0.24783,0.35544,0.23621,0,0.4613,0.20346,0.53723,0.32231,0.34373,0.45741,0.18888,0.32162,0.32425,0.24667,0.27237,0.4068,0.2746,0.4195,0.39865,0.40645,0.20257,0.17992,0.46282,0.2816,0.46492,0.52146,0.26453,0.23647,0.25903,0.25499,0.29606,0.33398,0.38093,0.16992,0.41791,0.39632,0.21725,0.29907,0.24821,0.38574,0.27511,0.19408,0.37019,0.25601,0.31655,0.3141,0.35035,0.28866,0.22121,0.23958,0.26001,0.38218,0.27033,0.26915,0.24789,0.34686,0.3991,0.27849,0.25576,0.30156,0.31588,0.32614,0.32815,0.57152,0.5705,0.26239,0.4211,0.42458,0.27579,0.36569,0.47086,0.39249,0.63656,0.30045
0.20821,0.36592,0.34442,0.27983,0.33199,0.44034,0.35057,0.26092,0.37208,0.34253,0.37049,0.51929,0.33593,0.41816,0.39972,0.3201,0.5288,0.35452,0.42855,0.45655,0.48178,0.31846,0.42881,0.54723,0.3556,0.31757,0.27946,0.51201,0.38092,0.39563,0.32612,0.46733,0.366,0.32431,0.43809,0.42832,0.18088,0.33589,0.24243,0.38627,0.30491,0.4613,0,0.22701,0.67777,0.44731,0.2771,0.4316,0.22804,0.32724,0.36811,0.21241,0.29965,0.44791,0.38954,0.40165,0.51474,0.5237,0.2731,0.17148,0.35212,0.31764,0.32752,0.37448,0.36568,0.17776,0.18228,0.31724,0.27401,0.23648,0.45826,0.32373,0.38816,0.44528,0.37408,0.25348,0.33715,0.47717,0.2693,0.23519,0.39233,0.3583,0.38492,0.32855,0.40623,0.34029,0.29968,0.20315,0.36328,0.39396,0.29284,0.30416,0.33278,0.31789,0.27721,0.2429,0.39579,0.35197,0.19097,0.37194,0.24693,0.50596,0.42148,0.34211,0.41072,0.3083,0.37623,0.4407,0.46563,0.34454,0.4836,0.31375
0.42266,0.39581,0.35197,0.45029,0.43203,0.35238,0.40307,0.3311,0.26705,0.24515,0.43215,0.23114,0.24387,0.39064,0.3622,0.41783,0.35056,0.33896,0.27915,0.38161,0.28374,0.2225,0.2938,0.28651,0.35317,0.28812,0.34729,0.1687,0.25706,0.35211,0.47256,0.22536,0.37916,0.3346,0.199,0.21849,0.34146,0.38509,0.37356,0.29431,0.35891,0.20346,0.22701,0,0.26141,0.28553,0.2918,0.27169,0.41391,0.28749,0.35401,0.37052,0.31607,0.23914,0.23309,0.20761,0.17728,0.20775,0.29063,0.22904,0.26893,0.24849,0.321,0.32465,0.28267,0.24936,0.25889,0.25263,0.29338,0.21393,0.19481,0.31982,0.24797,0.31809,0.27764,0.20842,0.2224,0.2506,0.23577,0.29145,0.13213,0.33331,0.22423,0.22849,0.24868,0.22189,0.22075,0.29084,0.27214,0.26003,0.23909,0.34137,0.22777,0.25461,0.25833,0.42011,0.17204,0.25904,0.30297,0.24131,0.27041,0.29267,0.3452,0.3004,0.16343,0.14166,0.2868,0.21237,0.25356,0.21718,0.33932,0.2278
0.29822,0.43182,0.36752,0.33815,0.36479,0.51682,0.40498,0.32996,0.37555,0.42154,0.34917,0.48107,0.32779,0.41469,0.35217,0.29902,0.41995,0.31033,0.36493,0.35016,0.34582,0.35554,0.45017,0.53017,0.31919,0.24775,0.27694,0.55355,0.44703,0.40602,0.29658,0.39995,0.31773,0.39721,0.54364,0.44834,0.20417,0.24043,0.32171,0.37362,0.26972,0.53723,0.67777,0.26141,0,0.45377,0.31136,0.38929,0.21673,0.44357,0.37875,0.21094,0.38021,0.41819,0.36108,0.3618,0.42074,0.46974,0.2781,0.17581,0.4059,0.32617,0.38167,0.4349,0.39411,0.19943,0.25259,0.3278,0.23988,0.31284,0.51042,0.36665,0.52005,0.54038,0.27833,0.17097,0.31588,0.52139,0.25979,0.27154,0.37906,0.36527,0.45458,0.39629,0.49039,0.33965,0.27324,0.19847,0.41558,0.51877,0.29407,0.35722,0.33433,0.32817,0.28481,0.26037,0.34382,0.34529,0.28879,0.30801,0.32066,0.53622,0.47625,0.40915,0.34722,0.27688,0.40301,0.43273,0.62742,0.2952,0.57494,0.31586
